47680,1,91.7,16.1,38
45702,1,102.3,15.9,38
17003,2,249.7,16,44
17003,6,654.5,16.1,44
47681,1,96.8,16.2,38
47681,1,87,16.4,38
47681,2,215.4,16.3,38
21108,1,135.2,16.3,44
8040,2,202.1,16.6,60
30338,1,122.1,16.5,48
8567,1,117.7,16.4,58
24193,2,204.9,16.3,56
17004,5,540.7,16.6,44
44645,1,77.2,16.2,36
28398,2,156.7,16.4,56
60824,1,67.2,16.3,36
61836,2,163.7,16.2,38
33449,1,101.4,16.9,44
58802,1,104.6,16.9,35
59813,4,480.1,16.8,40
55778,3,336.4,17.1,50
41610,2,146.2,17,40
46670,1,111,17.1,35
21109,3,354.6,17.1,44
8070,1,110.4,17.1,62
29309,1,108.8,16.9,44
17005,3,329.8,17.1,44
61837,2,221.3,16.7,40
58803,1,99.6,17.4,37
58803,4,347.9,17.4,36
54767,1,64.4,17.3,44
80118,4,446.5,17.4,60
41611,2,171.9,17.2,38
47683,11,1106.3,17.3,38
21110,2,194.6,17.6,44
24146,2,205.1,17.5,54
45705,2,194.9,17.6,38
45705,1,125.6,17.4,38
45705,2,238,17.2,38
29310,1,79.5,17.4,44
30340,9,961.3,17.5,50
30340,1,116.6,17.6,48
30340,2,179.3,17.6,48
24195,1,95.9,17.3,56
49707,1,109.4,17.6,40
17006,1,70.4,17.5,44
44647,1,87.3,17.6,36
44647,5,465.3,17.4,36
44647,1,79.8,17.5,37
45659,3,292.3,17.4,38
45659,2,135.6,17.2,38
45659,1,111.1,17.3,40
61838,1,73.6,17.5,40
43636,1,85.7,17.9,39
43636,1,109.2,18.1,39
59815,17,1959.2,17.7,38
15238,4,393.5,18.1,58
41612,1,96,17.9,40
37501,3,220.3,18,44
38513,1,70.7,17.9,48
47684,1,112.6,18.1,38
21111,1,91.1,18.1,44
22123,2,202.5,18.1,50
22123,1,110.3,17.7,48
45706,3,257.2,17.8,38
49708,1,96.2,18.1,38
17007,1,117.5,17.7,44
45660,4,391.2,18,39
28401,1,62.6,18,54
61839,3,264.8,17.7,42
61839,3,324.1,18,40
61839,3,264.4,17.9,40
50720,3,264.2,17.9,44
43637,1,90.6,18.3,39
59816,4,372.4,18.4,42
59816,8,738.8,18.2,38
57793,3,263.5,18.6,56
57793,1,90.6,18.5,54
47685,6,571.8,18.3,38
21112,1,113.8,18.6,46
22124,1,113,18.3,48
8160,5,575.9,18.3,60
45707,1,84.2,18.4,38
45707,3,220,18.2,42
45707,1,99.4,18.2,38
29312,2,222.5,18.3,44
29312,2,184.1,18.4,44
30342,1,85.8,18.5,48
30342,4,430.8,18.2,50
30342,1,104.7,18.6,48
31372,5,533.7,18.4,52
31372,2,255.7,18.3,52
10013,1,77.1,18.3,58
10013,8,807.2,18.6,58
10013,2,251.9,18.4,60
6678,2,186.9,18.3,66
49709,1,128.4,18.4,38
17008,1,108.4,18.5,44
17008,2,185.4,18.4,44
45661,14,1419.1,18.2,40
45661,2,210.9,18.6,39
45661,1,106.1,18.4,38
45661,1,67.7,18.4,38
26342,1,95.5,18.5,50
28402,2,192.7,18.4,54
13183,2,226.5,18.2,58
50721,1,91.5,18.2,44
43638,1,79.4,19.1,39
43638,2,178.1,18.9,39
54770,2,212.7,18.9,44
54770,4,262.1,18.8,44
56782,1,94.5,18.7,52
15242,1,88.2,18.8,62
80418,2,112.7,18.9,48
41614,10,1051.8,19.1,40
37503,8,807,19.1,44
38515,4,290.9,19,52
38515,3,240.4,18.8,50
38515,10,811.6,18.8,48
47686,2,236.6,18.7,40
21113,1,113,19.1,44
22125,1,120.6,19.1,50
22125,7,695.7,18.9,50
24149,1,113,18.8,54
24149,1,106.4,19.1,56
8190,2,203.2,18.9,60
8190,2,209.3,18.7,58
10016,3,267.4,18.9,62
30343,2,178.8,18.9,48
30343,4,343,19.1,50
30343,8,741.3,19,50
30343,9,1117.4,19.1,48
31373,4,323.8,19,52
31373,2,238.3,18.7,52
31373,1,79.5,18.9,52
31373,2,209.7,18.8,52
32403,1,68.9,18.8,56
10015,2,197.5,19.1,58
10015,2,222.6,19.1,58
22178,1,73,18.8,50
23198,7,720.2,18.9,52
45662,3,270.1,18.8,40
45662,2,223.4,18.9,38
25313,4,284.5,18.9,44
14214,2,187.1,19,64
26343,10,843.2,19.1,48
26343,4,374.4,18.8,48
27373,13,1173.8,18.7,52
27373,2,126.9,18.8,52
28403,3,245.8,19.1,56
14213,2,165.2,19.1,64
14213,4,312.4,19,64
61841,2,147.5,18.7,39
61841,2,171.8,18.9,38
50722,3,252.5,19,44
51734,5,511,18.7,50
51734,1,83.5,19,48
51734,1,54,18.7,50
51734,1,99.6,18.9,50
52746,2,163,19.1,52
34466,5,496.8,19.2,48
34466,1,83.7,19.5,48
35478,2,169.5,19.3,52
59818,2,171.3,19.6,42
56783,11,806.2,19.3,52
38516,1,58.4,19.2,52
22126,1,92.3,19.6,48
8220,2,192.1,19.6,58
8220,1,119.9,19.2,60
8220,1,83.9,19.5,58
45709,8,950.5,19.4,38
31374,4,320.1,19.3,52
10017,2,187.7,19.4,58
10017,1,102.1,19.5,60
10017,4,456.8,19.6,60
8584,1,78.3,19.5,60
49711,1,81.5,19.6,38
45663,3,264.3,19.4,38
45663,11,902.8,19.4,42
45663,1,106.6,19.6,38
45663,1,86,19.4,40
13187,6,548.6,19.3,60
13187,1,73.4,19.2,60
50723,4,389.9,19.4,44
57796,2,148.2,20.6,56
47685,4,443,18.3,38
21112,1,105.7,18.6,44
45707,1,100.2,18.4,38
25312,1,104.3,18.3,44
26342,1,89.3,18.6,50
47685,1,112.8,18.3,38
47682,12,1427.8,17.1,38
17003,1,116.9,16.1,44
31372,1,110.4,18.4,52
22125,1,104.9,18.7,48
